8766071
26977001
34328821
1543301
28212889
18457669
25079993
2070007
1087087
32805943
57226667
7347937
504769
256231
98281
5821381
4187527
8520277
80916113
43733617
55600211
15968591
1866023
8112641
2555209
2954813
16781179
5645287
14710811
3534059
10100549
3029743
64948241
87850327
58829657
15137671
5181409
25859501
2369777
41155043
31561
19727891
8025307
59228857
3992557
32137627
8349401
16314707
66001729
59352109
3805267
6343427
1620791
3179443
5681353
4652369
9784961
383959
1580311
13889003
20536877
75536179
762283
24907931
2574619
1736947
7089233
5607769
1668041
19024763
6209069
12322157
252851
15528673
675007
404813
33044507
46896019
1250159
24036781
17013331
12807581
3230147
59790607
174107
39456827
3232807
2654219
66706051
497227
8446987
275777
26727341
5472083
41469719
6155953
602131
2340137
889079
10209193
33014297
32443471
10382077
2552579
866561
21664241
18552637
307949
3003613
16515797
1531043
3090667
5592287
79952731
6044821
24001619
3123443
5719891
2219909
38672549
48146743
29699321
54952169
1918597
10857389
10358549
8203579
12202559
17331157
43621289
3829481
36782567
17014681
66596909
43469267
13034207
313213
8187859
3336559
12121861
118889
326311
35379251
45838487
3678049
54373799
4456027
9463819
205939
322453
2297377
217649
3158171
18820033
9928871
25421177
25948451
12135947
1631653
16375861
13410769
55632251
658181
5915801
1258489
10777537
523981
95988923
15738077
5975729
19594231
19335419
18228869
9662893
32428549
203839
14250827
2469749
21135241
10216321
3573943
1419049
366481
18278527
29712817
48511189
1729367
10714069
4426523
3912341
29219257
11491723
140047
20112359
9580819
15093613
22851209
10637617
72619
1657879
47773343
327937
568969
133537
31715939
107993
17785153
30810623
116267
4430233
38019119
14028727
12795863
22532863
25995829
80366651
20550539
2892809
7533347
74759257
1956463
3168469
20005001
17208691
22463471
1695829
10504447
15386911
1967989
38757421
20693359
14684279
8619887
12079219
28330661
15517163
362029
2739467
41025289
13723679
13805579
34117879
379469
64283339
2796389
11620541
44830069
479789
3763913
11057693
3736631
11911597
3971329
35721731
908833
16863409
91057613
4286083
42858757
4739353
34846547
43546211
4512467
1647143
16275517
24714587
2263747
42464687
32987203
1604233
8927507
3183629
3126247
13009033
6351419
423329
19766723
438547
14295713
135931
55639667
472117
31637149
50598167
24800891
24828847
675023
16474961
8026409
1976417
40475917
10433497
36258007
338729
4468931
3186299
20384311
39509399
16277341
12938557
8322653
12122911
23926277
4848973
754657
1371367
5431189
2541727
37211
10022473
801511
17880337
1171169
7053377
18166411
20704511
36193021
26151289
2750941
7704659
3615109
387599
4092373
89647
3702407
39037
1319291
2859169
11689331
125857
6785381
1823453
9055841
3904609
7973039
12120697
70951201
2364431
758647
1149383
1929817
8309801
4425067
12781033
36619
1013339
8149289
51484217
362773
12717713
12065813
16045459
29763067
8492147
52307839
498431
364283
921209
859169
25179029
1398877
15626503
9161069
38254081
383543
2837893
94786669
74732431
52486397
9501727
712741
1959809
12805321
2693597
16670443
49036439
15000719
5459833
8690027
25549093
13325959
58557173
1766893
32239303
175507
611713
5248651
1089467
484501
5786191
10636897
28324237
52594517
8121661
1903093
8850467
8076421
5580749
5971949
160007